16
1 0 2 3 4 5 6 7 8 9 10 11 12 13 14 15
4 2 0 8 1 10 13 12 3 11 5 9 7 6 15 14
13 3 12 15 8 2 1 4 14 10 0 7 11 9 5 6
2 4 11 6 0 12 5 10 13 14 7 15 3 8 9 1
7 5 6 2 10 15 11 9 0 8 14 13 1 4 3 12
8 6 13 11 3 1 15 0 9 5 4 10 2 14 12 7
5 7 10 4 12 9 0 15 1 6 11 3 14 2 13 8
6 8 3 14 13 0 9 1 15 7 2 12 4 11 10 5
15 9 1 12 14 6 3 8 7 0 13 2 5 10 4 11
12 10 5 0 7 14 4 11 2 13 15 6 9 1 8 3
14 11 9 7 15 13 10 3 12 2 6 0 8 5 1 4
10 12 7 1 5 11 2 14 4 3 9 8 15 0 6 13
3 13 8 9 6 4 14 2 11 12 1 5 0 15 7 10
11 14 15 5 9 3 12 13 10 4 8 1 6 7 0 2
9 15 14 10 11 8 7 6 5 1 3 4 13 12 2 0
0 1 4 13 2 7 8 5 6 15 12 14 10 3 11 9
