32
1 0 2 3 4 5 6 7 8 9 10 11 12 13 14 15 16 17 18 19 20 21 22 23 24 25 26 27 28 29 30 31
15 2 28 7 1 17 29 3 20 31 26 18 24 23 22 16 4 5 21 0 8 25 6 13 12 11 10 30 19 14 27 9
5 3 31 0 8 16 13 2 4 28 22 30 11 14 26 17 20 15 27 7 1 12 10 29 25 24 6 18 9 23 21 19
2 4 3 8 0 31 10 20 1 17 24 6 26 30 23 28 19 16 29 9 7 14 25 27 11 22 12 21 15 18 13 5
3 5 8 16 31 0 24 15 19 1 21 10 29 25 27 7 9 2 26 17 28 23 30 11 14 13 18 6 20 12 22 4
18 6 29 26 11 27 15 10 12 13 20 28 3 17 4 21 25 30 19 22 24 0 1 5 7 2 8 31 14 16 9 23
17 7 16 2 20 15 21 0 3 19 6 27 25 29 11 5 8 9 30 1 4 24 26 14 10 12 22 23 31 13 18 28
31 8 5 4 3 19 30 1 0 15 25 13 6 21 12 9 7 28 23 20 2 26 24 18 22 10 11 29 17 27 14 16
20 9 7 28 17 1 26 19 15 0 29 12 21 6 13 8 5 4 24 31 16 30 23 22 18 27 14 25 3 10 11 2
30 10 13 22 24 21 8 6 25 29 4 31 28 16 17 27 12 18 9 26 11 7 5 15 19 3 1 2 23 20 0 14
29 11 18 12 6 23 2 24 26 30 7 15 5 9 19 14 22 13 16 25 10 4 28 31 17 1 3 8 21 0 20 27
23 12 27 11 26 29 9 25 6 21 2 17 4 28 3 13 10 14 5 24 22 8 7 19 1 20 0 16 30 31 15 18
24 13 11 14 30 25 28 29 23 6 16 3 2 4 0 12 27 10 7 21 18 9 8 1 20 31 15 5 26 17 19 22
25 14 22 13 21 24 4 23 30 26 5 0 9 8 15 11 18 12 2 29 27 28 16 20 31 19 17 7 6 1 3 10
19 15 9 17 28 7 23 5 16 8 27 14 13 12 10 0 2 1 22 3 31 6 18 24 21 29 30 11 4 25 26 20
0 16 4 5 19 3 25 17 31 20 30 22 23 24 18 2 28 7 6 15 9 29 21 12 13 14 27 26 1 11 10 8
7 17 20 15 9 2 12 16 28 4 18 26 14 11 30 3 31 0 10 5 19 13 27 25 29 23 21 22 8 24 6 1
14 18 23 27 29 26 20 30 21 24 9 16 8 7 5 22 6 11 4 10 13 1 2 3 0 15 31 28 25 19 17 12
4 19 0 31 16 8 22 9 5 7 13 25 27 10 29 1 15 20 11 28 17 18 14 26 30 21 23 12 2 6 24 3
9 20 17 1 7 28 27 4 2 16 11 23 22 18 24 31 3 19 13 8 0 10 12 21 6 26 25 14 5 30 29 15
22 21 25 30 14 10 19 27 13 12 31 4 20 3 2 6 29 26 1 18 23 15 0 7 8 16 9 17 11 28 5 24
11 22 6 10 25 30 1 26 24 23 8 2 7 5 16 18 21 27 28 14 12 19 4 17 3 0 20 9 29 15 31 13
12 23 26 29 27 11 17 14 18 22 15 7 0 1 8 24 30 25 3 13 21 31 20 4 2 9 16 19 10 5 28 6
13 24 30 25 10 14 31 11 22 18 0 5 1 19 7 23 26 29 17 12 6 20 3 28 4 8 2 15 27 9 16 21
6 25 10 24 22 13 5 12 11 27 3 1 17 31 20 29 14 21 15 23 26 16 19 9 28 4 7 0 18 2 8 30
27 26 21 6 12 18 0 22 10 14 1 9 19 15 28 30 24 23 31 11 25 3 17 16 5 7 4 20 13 8 2 29
26 27 12 18 23 6 7 21 29 25 28 20 16 2 31 10 13 22 8 30 14 5 9 0 15 17 19 4 24 3 1 11
16 28 19 9 15 20 14 31 17 3 23 21 30 26 6 4 1 8 25 2 5 11 29 10 27 18 13 24 0 22 12 7
21 29 14 23 18 12 16 13 27 10 17 19 31 20 1 25 11 24 0 6 30 2 15 8 9 28 5 3 22 4 7 26
10 30 24 21 13 22 3 18 14 11 19 8 15 0 9 26 23 6 20 27 29 17 31 2 16 5 28 1 12 7 4 25
8 31 1 19 5 4 11 28 9 2 14 24 18 22 21 20 17 3 12 16 15 27 13 6 23 30 29 10 7 26 25 0
28 1 15 20 2 9 18 8 7 5 12 29 10 27 25 19 0 31 14 4 3 22 11 30 26 6 24 13 16 21 23 17
